&CONTROL
   calculation      = 'scf'
   restart_mode     = 'from_scratch'
   tprnfor          = .true.
   outdir           = './scratch'
   prefix           = 'pfas'
/
&SYSTEM
   ibrav            = 0
   tot_charge       = 0
   ecutwfc          = 60
   ecutrho          = 480
   occupations      = 'smearing'
   degauss          = 0.01
   smearing         = 'mv'
   nspin            = 1
   input_dft        = 'PBE'
   ntyp             = 5
   nat              = 170
/
&ELECTRONS
   electron_maxstep = 200
   conv_thr         = 1e-08
   mixing_beta      = 0.3
/
&IONS
/
&CELL
/
&FCP
/
&RISM
/
ATOMIC_SPECIES
Cu 63.546 Cu.UPF
O 15.999 O.UPF
C 12.011 C.UPF
F 18.998403163 F.UPF
H 1.008 H.UPF

K_POINTS automatic
2 2 1  0 0 0

CELL_PARAMETERS angstrom
15.33714608393622 0.00000000000000 0.00000000000000
7.66857304196811 13.28235813024178 0.00000000000000
0.00000000000000 0.00000000000000 49.68479320936149

ATOMIC_POSITIONS angstrom
Cu 0.0000000000 0.0000000000 18.0000000000   0 0 0
Cu 2.5561910140 0.0000000000 18.0000000000   0 0 0
Cu 5.1123820280 0.0000000000 18.0000000000   0 0 0
Cu 7.6685730420 0.0000000000 18.0000000000   0 0 0
Cu 10.2247640560 0.0000000000 18.0000000000   0 0 0
Cu 12.7809550699 0.0000000000 18.0000000000   0 0 0
Cu 1.2780955070 2.2137263550 18.0000000000   0 0 0
Cu 3.8342865210 2.2137263550 18.0000000000   0 0 0
Cu 6.3904775350 2.2137263550 18.0000000000   0 0 0
Cu 8.9466685490 2.2137263550 18.0000000000   0 0 0
Cu 11.5028595630 2.2137263550 18.0000000000   0 0 0
Cu 14.0590505769 2.2137263550 18.0000000000   0 0 0
Cu 2.5561910140 4.4274527101 18.0000000000   0 0 0
Cu 5.1123820280 4.4274527101 18.0000000000   0 0 0
Cu 7.6685730420 4.4274527101 18.0000000000   0 0 0
Cu 10.2247640560 4.4274527101 18.0000000000   0 0 0
Cu 12.7809550699 4.4274527101 18.0000000000   0 0 0
Cu 15.3371460839 4.4274527101 18.0000000000   0 0 0
Cu 3.8342865210 6.6411790651 18.0000000000   0 0 0
Cu 6.3904775350 6.6411790651 18.0000000000   0 0 0
Cu 8.9466685490 6.6411790651 18.0000000000   0 0 0
Cu 11.5028595630 6.6411790651 18.0000000000   0 0 0
Cu 14.0590505769 6.6411790651 18.0000000000   0 0 0
Cu 16.6152415909 6.6411790651 18.0000000000   0 0 0
Cu 5.1123820280 8.8549054202 18.0000000000   0 0 0
Cu 7.6685730420 8.8549054202 18.0000000000   0 0 0
Cu 10.2247640560 8.8549054202 18.0000000000   0 0 0
Cu 12.7809550699 8.8549054202 18.0000000000   0 0 0
Cu 15.3371460839 8.8549054202 18.0000000000   0 0 0
Cu 17.8933370979 8.8549054202 18.0000000000   0 0 0
Cu 6.3904775350 11.0686317752 18.0000000000   0 0 0
Cu 8.9466685490 11.0686317752 18.0000000000   0 0 0
Cu 11.5028595630 11.0686317752 18.0000000000   0 0 0
Cu 14.0590505769 11.0686317752 18.0000000000   0 0 0
Cu 16.6152415909 11.0686317752 18.0000000000   0 0 0
Cu 19.1714326049 11.0686317752 18.0000000000   0 0 0
Cu 1.2780955070 0.7379087850 20.0871212231  
Cu 3.8342865210 0.7379087850 20.0871212231  
Cu 6.3904775350 0.7379087850 20.0871212231  
Cu 8.9466685490 0.7379087850 20.0871212231  
Cu 11.5028595630 0.7379087850 20.0871212231  
Cu 14.0590505769 0.7379087850 20.0871212231  
Cu 2.5561910140 2.9516351401 20.0871212231  
Cu 5.1123820280 2.9516351401 20.0871212231  
Cu 7.6685730420 2.9516351401 20.0871212231  
Cu 10.2247640560 2.9516351401 20.0871212231  
Cu 12.7809550699 2.9516351401 20.0871212231  
Cu 15.3371460839 2.9516351401 20.0871212231  
Cu 3.8342865210 5.1653614951 20.0871212231  
Cu 6.3904775350 5.1653614951 20.0871212231  
Cu 8.9466685490 5.1653614951 20.0871212231  
Cu 11.5028595630 5.1653614951 20.0871212231  
Cu 14.0590505769 5.1653614951 20.0871212231  
Cu 16.6152415909 5.1653614951 20.0871212231  
Cu 5.1123820280 7.3790878501 20.0871212231  
Cu 7.6685730420 7.3790878501 20.0871212231  
Cu 10.2247640560 7.3790878501 20.0871212231  
Cu 12.7809550699 7.3790878501 20.0871212231  
Cu 15.3371460839 7.3790878501 20.0871212231  
Cu 17.8933370979 7.3790878501 20.0871212231  
Cu 6.3904775350 9.5928142052 20.0871212231  
Cu 8.9466685490 9.5928142052 20.0871212231  
Cu 11.5028595630 9.5928142052 20.0871212231  
Cu 14.0590505769 9.5928142052 20.0871212231  
Cu 16.6152415909 9.5928142052 20.0871212231  
Cu 19.1714326049 9.5928142052 20.0871212231  
Cu 7.6685730420 11.8065405602 20.0871212231  
Cu 10.2247640560 11.8065405602 20.0871212231  
Cu 12.7809550699 11.8065405602 20.0871212231  
Cu 15.3371460839 11.8065405602 20.0871212231  
Cu 17.8933370979 11.8065405602 20.0871212231  
Cu 20.4495281119 11.8065405602 20.0871212231  
Cu -0.0000000000 1.4758175700 22.1742424462  
Cu 2.5561910140 1.4758175700 22.1742424462  
Cu 5.1123820280 1.4758175700 22.1742424462  
Cu 7.6685730420 1.4758175700 22.1742424462  
Cu 10.2247640560 1.4758175700 22.1742424462  
Cu 12.7809550699 1.4758175700 22.1742424462  
Cu 1.2780955070 3.6895439251 22.1742424462  
Cu 3.8342865210 3.6895439251 22.1742424462  
Cu 6.3904775350 3.6895439251 22.1742424462  
Cu 8.9466685490 3.6895439251 22.1742424462  
Cu 11.5028595630 3.6895439251 22.1742424462  
Cu 14.0590505769 3.6895439251 22.1742424462  
Cu 2.5561910140 5.9032702801 22.1742424462  
Cu 5.1123820280 5.9032702801 22.1742424462  
Cu 7.6685730420 5.9032702801 22.1742424462  
Cu 10.2247640560 5.9032702801 22.1742424462  
Cu 12.7809550699 5.9032702801 22.1742424462  
Cu 15.3371460839 5.9032702801 22.1742424462  
Cu 3.8342865210 8.1169966351 22.1742424462  
Cu 6.3904775350 8.1169966351 22.1742424462  
Cu 8.9466685490 8.1169966351 22.1742424462  
Cu 11.5028595630 8.1169966351 22.1742424462  
Cu 14.0590505769 8.1169966351 22.1742424462  
Cu 16.6152415909 8.1169966351 22.1742424462  
Cu 5.1123820280 10.3307229902 22.1742424462  
Cu 7.6685730420 10.3307229902 22.1742424462  
Cu 10.2247640560 10.3307229902 22.1742424462  
Cu 12.7809550699 10.3307229902 22.1742424462  
Cu 15.3371460839 10.3307229902 22.1742424462  
Cu 17.8933370979 10.3307229902 22.1742424462  
Cu 6.3904775350 12.5444493452 22.1742424462  
Cu 8.9466685490 12.5444493452 22.1742424462  
Cu 11.5028595630 12.5444493452 22.1742424462  
Cu 14.0590505769 12.5444493452 22.1742424462  
Cu 16.6152415909 12.5444493452 22.1742424462  
Cu 19.1714326049 12.5444493452 22.1742424462  
Cu 0.0000000000 0.0000000000 24.2613636694  
Cu 2.5561910140 0.0000000000 24.2613636694  
Cu 5.1123820280 0.0000000000 24.2613636694  
Cu 7.6685730420 0.0000000000 24.2613636694  
Cu 10.2247640560 0.0000000000 24.2613636694  
Cu 12.7809550699 0.0000000000 24.2613636694  
Cu 1.2780955070 2.2137263550 24.2613636694  
Cu 3.8342865210 2.2137263550 24.2613636694  
Cu 6.3904775350 2.2137263550 24.2613636694  
Cu 8.9466685490 2.2137263550 24.2613636694  
Cu 11.5028595630 2.2137263550 24.2613636694  
Cu 14.0590505769 2.2137263550 24.2613636694  
Cu 2.5561910140 4.4274527101 24.2613636694  
Cu 5.1123820280 4.4274527101 24.2613636694  
Cu 7.6685730420 4.4274527101 24.2613636694  
Cu 10.2247640560 4.4274527101 24.2613636694  
Cu 12.7809550699 4.4274527101 24.2613636694  
Cu 15.3371460839 4.4274527101 24.2613636694  
Cu 3.8342865210 6.6411790651 24.2613636694  
Cu 6.3904775350 6.6411790651 24.2613636694  
Cu 8.9466685490 6.6411790651 24.2613636694  
Cu 11.5028595630 6.6411790651 24.2613636694  
Cu 14.0590505769 6.6411790651 24.2613636694  
Cu 16.6152415909 6.6411790651 24.2613636694  
Cu 5.1123820280 8.8549054202 24.2613636694  
Cu 7.6685730420 8.8549054202 24.2613636694  
Cu 10.2247640560 8.8549054202 24.2613636694  
Cu 12.7809550699 8.8549054202 24.2613636694  
Cu 15.3371460839 8.8549054202 24.2613636694  
Cu 17.8933370979 8.8549054202 24.2613636694  
Cu 6.3904775350 11.0686317752 24.2613636694  
Cu 8.9466685490 11.0686317752 24.2613636694  
Cu 11.5028595630 11.0686317752 24.2613636694  
Cu 14.0590505769 11.0686317752 24.2613636694  
Cu 16.6152415909 11.0686317752 24.2613636694  
Cu 19.1714326049 11.0686317752 24.2613636694  
O 12.6079545530 7.3226251951 31.6847932094  
C 13.3243263830 7.3686309951 30.6488337294  
O 13.8732456730 8.5814115051 30.2425190994  
C 13.6122864230 6.1179325351 29.8674438994  
F 13.0486187030 5.0170421951 30.4906867694  
F 14.9835103930 5.9269119651 29.8734665094  
C 13.1393217330 6.2021856651 28.3943441094  
F 13.9712658530 7.0916666251 27.7313455394  
F 13.3306494230 4.9597438651 27.8112464894  
C 11.6710106530 6.6592332951 28.1376045894  
F 11.5028595630 6.6411790651 26.7613636694  
F 11.5190136530 7.9686380151 28.5533871394  
C 10.5693190930 5.7632937351 28.7820027094  
F 10.6905439130 5.7800002251 30.1578365594  
F 10.7972075330 4.4583865851 28.3714375794  
C 9.1000439230 6.1605904451 28.3795347594  
F 9.0832416030 6.9430664051 27.2361702094  
F 8.4168471230 4.9956048251 28.0623105594  
C 8.2560029130 6.8729789451 29.4762027394  
F 6.9672004230 7.0120171551 28.9850319794  
F 8.1801408430 6.0724854351 30.6046733994  
C 8.7471985730 8.2746920551 29.8848430094  
F 8.9553187830 9.0691316251 28.7717524594  
F 7.7844297030 8.8783987051 30.6742023994  
F 9.9128194230 8.2012227751 30.6220223194  
H 13.6927081830 9.4328828151 30.7606664094  

